1000 32 1000 64 2.20000 0.78548 -1.54651 1.41043
1000 32 1000 64 2.22000 0.75290 -1.51612 1.62516
1000 32 1000 64 2.24000 0.70830 -1.48214 1.80597
1000 32 1000 64 2.25000 0.67567 -1.46288 2.00306
1000 32 1000 64 2.25500 0.65920 -1.45309 2.00397
1000 32 1000 64 2.26000 0.64312 -1.44408 2.01795
1000 32 1000 64 2.26200 0.63178 -1.43866 2.13817
1000 32 1000 64 2.26400 0.62071 -1.43400 2.16738
1000 32 1000 64 2.26600 0.61487 -1.43071 2.15171
1000 32 1000 64 2.26800 0.60088 -1.42538 2.21328
1000 32 1000 64 2.26900 0.59988 -1.42343 2.23633
