1000 32 1000 256 2.20000 0.78488 -1.54661 1.40450
1000 32 1000 256 2.22000 0.75345 -1.51650 1.59031
1000 32 1000 256 2.24000 0.70720 -1.48244 1.88794
1000 32 1000 256 2.25000 0.67215 -1.46321 2.05857
1000 32 1000 256 2.25500 0.64641 -1.45246 2.21733
1000 32 1000 256 2.26000 0.61264 -1.44058 2.46791
1000 32 1000 256 2.26200 0.59471 -1.43596 2.50281
1000 32 1000 256 2.26400 0.57369 -1.43075 2.61120
1000 32 1000 256 2.26600 0.55117 -1.42513 2.79464
1000 32 1000 256 2.26800 0.52378 -1.42016 2.74390
1000 32 1000 256 2.26900 0.50793 -1.41753 2.78602
