t  C_e
0 10.106609
1 7.992403
2 6.438480
3 5.243062
4 4.309813
5 3.558728
6 2.947063
7 2.446241
8 2.038076
9 1.699139
10 1.424830
11 1.188568
12 1.006205
13 0.844151
14 0.711159
15 0.600553
16 0.515639
17 0.446464
18 0.383992
19 0.313859
20 0.243496
21 0.197079
22 0.151328
23 0.109233
24 0.067686
25 0.051476
26 0.043135
27 0.039593
28 0.023358
29 0.005113
30 0.010808
31 0.021082
32 0.026538
33 0.023549
34 0.026657
35 0.025951
36 0.026450
37 0.035940
38 0.045031
39 0.050253
40 0.042142
41 0.029847
42 0.035511
43 0.033842
44 0.027501
45 0.014568
46 0.013762
47 0.003890
48 -0.008176
49 -0.015227
50 -0.005598
51 0.012081
52 0.020837
53 0.014982
54 0.017361
55 0.017278
56 0.024775
57 0.020658
58 0.027043
59 0.025900
60 0.024230
61 0.030724
62 0.035137
63 0.036264
64 0.034496
65 0.027138
66 0.015451
67 0.009320
68 0.024311
69 0.041615
70 0.060158
71 0.078257
72 0.085453
73 0.095499
74 0.097931
75 0.098310
76 0.104816
77 0.108210
78 0.106426
79 0.096253
80 0.081178
81 0.080483
82 0.079201
83 0.060151
84 0.046468
85 0.032088
86 0.029347
87 0.027742
88 0.025712
89 0.007009
90 0.005048
91 -0.005930
92 -0.018354
93 -0.025759
94 -0.033524
95 -0.034578
96 -0.042173
97 -0.052201
98 -0.052888
99 -0.063304
100 -0.068765
101 -0.062745
102 -0.059363
103 -0.055074
104 -0.043406
105 -0.027597
106 -0.010418
107 0.000167
108 0.000586
109 0.015992
110 0.036818
111 0.044122
112 0.053781
113 0.051287
114 0.042634
115 0.038998
116 0.042068
117 0.045185
118 0.048507
119 0.045345
120 0.042563
121 0.040396
122 0.043857
123 0.042679
124 0.047983
125 0.054812
126 0.059113
127 0.064910
128 0.082425
129 0.093310
130 0.095206
131 0.090566
132 0.088543
133 0.076581
134 0.065177
135 0.049536
136 0.045596
137 0.043856
138 0.043187
139 0.048588
140 0.058288
141 0.072478
142 0.087534
143 0.097627
144 0.116884
145 0.128527
146 0.128927
147 0.132795
148 0.133172
149 0.139544
150 0.131638
151 0.114503
152 0.102981
153 0.085182
154 0.069829
155 0.055521
156 0.052654
157 0.049538
158 0.046847
159 0.038686
160 0.022908
161 0.020972
162 0.017625
163 0.026153
164 0.037165
165 0.052193
166 0.064647
167 0.063969
168 0.054250
169 0.054127
170 0.049601
171 0.041675
172 0.032352
173 0.029447
174 0.037331
175 0.031119
176 0.028291
177 0.027594
178 0.015996
179 0.012624
180 0.010493
181 0.018205
182 0.026815
183 0.036068
184 0.048972
185 0.046103
186 0.050903
187 0.062844
188 0.068991
189 0.069920
190 0.063027
191 0.064301
192 0.077503
193 0.075859
194 0.067617
195 0.048590
196 0.048283
197 0.042368
198 0.059779
199 0.066951
200 0.068677
