256 64 10000 16 2.00000 0.91107 -1.74528 0.72559
256 64 10000 16 2.10000 0.86933 -1.66242 0.95298
256 64 10000 16 2.16000 0.82949 -1.59898 1.14435
256 64 10000 16 2.18000 0.81326 -1.57572 1.21474
256 64 10000 16 2.20000 0.79440 -1.55031 1.29155
256 64 10000 16 2.22000 0.77428 -1.52421 1.35291
256 64 10000 16 2.24000 0.74815 -1.49386 1.43778
256 64 10000 16 2.25000 0.73797 -1.48089 1.45393
256 64 10000 16 2.26000 0.72515 -1.46606 1.47708
256 64 10000 16 2.27000 0.71328 -1.45212 1.49219
256 64 10000 16 2.28000 0.69923 -1.43730 1.52631
256 64 10000 16 2.29000 0.68434 -1.42158 1.53916
256 64 10000 16 2.30000 0.66815 -1.40513 1.54196
256 64 10000 16 2.32000 0.64111 -1.37602 1.54365
256 64 10000 16 2.34000 0.60868 -1.34447 1.54461
256 64 10000 16 2.36000 0.57483 -1.31165 1.51837
256 64 10000 16 2.38000 0.54560 -1.28307 1.46694
256 64 10000 16 2.40000 0.51673 -1.25511 1.42031
256 64 10000 16 2.44000 0.45887 -1.20084 1.27057
256 64 10000 16 2.48000 0.41128 -1.15375 1.13628
256 64 10000 16 2.52000 0.36906 -1.11108 1.00381
256 64 10000 16 2.56000 0.33377 -1.07256 0.88919
256 64 10000 16 2.60000 0.30417 -1.03859 0.79906
256 64 10000 16 2.70000 0.25071 -0.96773 0.63633
