1024 64 10000 32 2.00000 0.91145 -1.74571 0.72296
1024 64 10000 32 2.10000 0.86897 -1.66232 0.95942
1024 64 10000 32 2.16000 0.82761 -1.59815 1.18589
1024 64 10000 32 2.18000 0.80865 -1.57357 1.28063
1024 64 10000 32 2.20000 0.78535 -1.54657 1.39174
1024 64 10000 32 2.22000 0.75483 -1.51649 1.55597
1024 64 10000 32 2.24000 0.72194 -1.48551 1.66951
1024 64 10000 32 2.25000 0.69701 -1.46697 1.76717
1024 64 10000 32 2.26000 0.67571 -1.44997 1.79883
1024 64 10000 32 2.27000 0.65228 -1.43229 1.84913
1024 64 10000 32 2.28000 0.62479 -1.41326 1.89038
1024 64 10000 32 2.29000 0.59621 -1.39420 1.91399
1024 64 10000 32 2.30000 0.56856 -1.37569 1.90024
1024 64 10000 32 2.32000 0.50655 -1.33759 1.84369
1024 64 10000 32 2.34000 0.45203 -1.30299 1.71181
1024 64 10000 32 2.36000 0.39877 -1.26962 1.56542
1024 64 10000 32 2.38000 0.35148 -1.23896 1.42015
1024 64 10000 32 2.40000 0.31624 -1.21297 1.29629
1024 64 10000 32 2.44000 0.25701 -1.16573 1.07762
1024 64 10000 32 2.48000 0.21585 -1.12519 0.93791
1024 64 10000 32 2.52000 0.18708 -1.08969 0.83848
1024 64 10000 32 2.56000 0.16602 -1.05774 0.76435
1024 64 10000 32 2.60000 0.15075 -1.02844 0.70821
1024 64 10000 32 2.70000 0.12327 -0.96366 0.59938
