4096 64 10000 64 2.00000 0.91124 -1.74546 0.72588
4096 64 10000 64 2.10000 0.86878 -1.66206 0.96206
4096 64 10000 64 2.16000 0.82767 -1.59830 1.17582
4096 64 10000 64 2.18000 0.80814 -1.57333 1.28928
4096 64 10000 64 2.20000 0.78510 -1.54666 1.40564
4096 64 10000 64 2.22000 0.75256 -1.51644 1.59344
4096 64 10000 64 2.24000 0.70917 -1.48286 1.82146
4096 64 10000 64 2.25000 0.67619 -1.46322 1.96988
4096 64 10000 64 2.26000 0.64316 -1.44426 2.08481
4096 64 10000 64 2.27000 0.59337 -1.42166 2.19929
4096 64 10000 64 2.28000 0.55020 -1.40109 2.21953
4096 64 10000 64 2.29000 0.49039 -1.37736 2.22275
4096 64 10000 64 2.30000 0.43558 -1.35569 2.12843
4096 64 10000 64 2.32000 0.33896 -1.31639 1.83188
4096 64 10000 64 2.34000 0.26328 -1.28210 1.55515
4096 64 10000 64 2.36000 0.21485 -1.25340 1.35695
4096 64 10000 64 2.38000 0.18084 -1.22764 1.23217
4096 64 10000 64 2.40000 0.15819 -1.20419 1.13512
4096 64 10000 64 2.44000 0.12783 -1.16160 0.99896
4096 64 10000 64 2.48000 0.10594 -1.12352 0.90466
4096 64 10000 64 2.52000 0.09274 -1.08907 0.82667
4096 64 10000 64 2.56000 0.08286 -1.05760 0.75665
4096 64 10000 64 2.60000 0.07512 -1.02839 0.70492
4096 64 10000 64 2.70000 0.06157 -0.96357 0.59665
