t  C_e
0 7.397156
1 5.230907
2 4.113514
3 3.436740
4 2.979070
5 2.642227
6 2.385420
7 2.176191
8 2.003234
9 1.857325
10 1.734095
11 1.620335
12 1.523489
13 1.436519
14 1.360530
15 1.290213
16 1.224207
17 1.165199
18 1.109068
19 1.054080
20 1.002318
21 0.958405
22 0.914237
23 0.870472
24 0.830657
25 0.789689
26 0.754661
27 0.722275
28 0.689636
29 0.663120
30 0.633686
31 0.609742
32 0.582721
33 0.559239
34 0.535397
35 0.513823
36 0.491049
37 0.473957
38 0.453978
39 0.438900
40 0.417703
41 0.400322
42 0.384207
43 0.366636
44 0.350696
45 0.336927
46 0.321011
47 0.306684
48 0.293235
49 0.280770
50 0.267546
51 0.256101
52 0.244664
53 0.235546
54 0.224179
55 0.213377
56 0.201937
57 0.189834
58 0.186404
59 0.177995
60 0.168750
61 0.159193
62 0.152784
63 0.149022
64 0.147085
65 0.143512
66 0.140647
67 0.135127
68 0.129185
69 0.129763
70 0.130081
71 0.125520
72 0.120238
73 0.112653
74 0.110664
75 0.104762
76 0.099879
77 0.096571
78 0.094871
79 0.091104
80 0.086060
81 0.082826
82 0.079689
83 0.076298
84 0.071389
85 0.067958
86 0.065511
87 0.062735
88 0.062776
89 0.066818
90 0.064617
91 0.065747
92 0.066194
93 0.062932
94 0.061266
95 0.060135
96 0.057891
97 0.055634
98 0.052348
99 0.050168
100 0.054126
101 0.054784
102 0.053403
103 0.053167
104 0.053147
105 0.052954
106 0.054173
107 0.052281
108 0.047425
109 0.044248
110 0.042183
111 0.038143
112 0.036027
113 0.033504
114 0.037026
115 0.037579
116 0.039763
117 0.039291
118 0.039918
119 0.040024
120 0.033595
121 0.030136
122 0.030566
123 0.029654
124 0.028731
125 0.028202
126 0.025875
127 0.025763
128 0.026249
129 0.027237
130 0.028229
131 0.030478
132 0.032211
133 0.030969
134 0.029191
135 0.027195
136 0.025811
137 0.021607
138 0.021731
139 0.019415
140 0.013897
141 0.015770
142 0.016141
143 0.011616
144 0.009512
145 0.003086
146 0.001985
147 0.003243
148 0.001245
149 0.003048
150 0.004690
151 0.007661
152 0.010350
153 0.009537
154 0.006886
155 0.004278
156 0.006434
157 0.003539
158 0.001450
159 -0.004081
160 -0.004763
161 -0.005956
162 -0.010288
163 -0.012705
164 -0.013065
165 -0.013650
166 -0.014013
167 -0.014310
168 -0.018236
169 -0.021215
170 -0.026628
171 -0.023152
172 -0.020593
173 -0.017903
174 -0.015097
175 -0.015075
176 -0.016902
177 -0.016760
178 -0.016150
179 -0.016339
180 -0.015226
181 -0.014552
182 -0.019484
183 -0.021152
184 -0.025384
185 -0.026939
186 -0.027424
187 -0.024538
188 -0.023841
189 -0.023218
190 -0.024861
191 -0.022774
192 -0.022190
193 -0.018131
194 -0.017128
195 -0.012684
196 -0.013449
197 -0.012288
198 -0.009511
199 -0.006104
200 -0.011625
