t  C_e
0 4.033136
1 1.940525
2 1.012286
3 0.556380
4 0.319571
5 0.187703
6 0.114717
7 0.068433
8 0.043264
9 0.024743
10 0.016277
11 0.011470
12 0.006850
13 0.001504
14 0.000558
15 -0.001317
16 0.005355
17 0.005452
18 0.006197
19 0.008489
20 0.006779
21 0.003531
22 0.002630
23 0.000865
24 0.000982
25 0.001120
26 0.000744
27 0.004759
28 0.003842
29 0.000742
30 0.001541
31 -0.000199
32 0.000341
33 0.000745
34 0.002538
35 0.000317
36 -0.000871
37 -0.003466
38 -0.004540
39 -0.003760
40 -0.005559
41 -0.004952
42 -0.004952
43 -0.003754
44 -0.002554
45 0.000412
46 0.000681
47 0.000434
48 -0.002346
49 -0.001761
50 -0.004332
51 -0.008168
52 -0.005642
53 -0.006283
54 -0.006704
55 -0.001708
56 0.000074
57 0.001552
58 0.001342
59 0.001069
60 0.001123
61 -0.001001
62 -0.001533
63 -0.000025
64 -0.000608
65 0.002613
66 0.003716
67 0.001755
68 0.000270
69 -0.001633
70 -0.000071
71 -0.000686
72 0.000251
73 -0.000761
74 0.001178
75 -0.000614
76 -0.001489
77 -0.003825
78 -0.002657
79 -0.004820
80 -0.003277
81 -0.001511
82 -0.002051
83 -0.002050
84 -0.000617
85 -0.002797
86 -0.005474
87 -0.003966
88 -0.004968
89 -0.004378
90 -0.000582
91 0.003733
92 0.001215
93 0.001857
94 -0.002316
95 -0.001705
96 0.001017
97 0.002503
98 0.000793
99 -0.000229
100 0.000678
101 -0.002611
102 -0.003132
103 -0.003489
104 -0.003038
105 -0.001109
106 -0.001235
107 -0.002298
108 -0.002592
109 -0.004202
110 -0.003216
111 -0.001002
112 -0.000777
113 -0.001367
114 -0.001085
115 -0.000152
116 0.000689
117 -0.001711
118 -0.001410
119 -0.003307
120 -0.005217
121 -0.002705
122 -0.004237
123 -0.000397
124 0.001501
125 0.000021
126 -0.000452
127 0.000644
128 0.002256
129 0.000730
130 0.001855
131 0.001156
132 0.003174
133 0.004663
134 0.002160
135 -0.000147
136 -0.001504
137 -0.000292
138 -0.002322
139 -0.001784
140 -0.002342
141 0.001564
142 0.001237
143 -0.001479
144 0.000323
145 0.000232
146 0.000676
147 0.001714
148 0.000253
149 0.001059
150 0.003000
151 0.004690
152 0.005589
153 0.006200
154 0.005203
155 0.005172
156 0.004842
157 0.007788
158 0.005127
159 0.001331
160 0.000888
161 -0.001608
162 -0.000830
163 0.002764
164 -0.001177
165 -0.003357
166 -0.001518
167 0.003309
168 0.004242
169 0.004404
170 -0.000102
171 -0.002797
172 0.000673
173 0.003747
174 0.000730
175 0.002677
176 0.000464
177 -0.002286
178 -0.003296
179 -0.004023
180 -0.003309
181 -0.000482
182 0.000211
183 0.002869
184 0.002009
185 -0.000598
186 -0.001403
187 -0.001308
188 0.001221
189 0.003288
190 0.001677
191 -0.000547
192 -0.000960
193 0.000412
194 0.001243
195 0.002438
196 0.002317
197 0.001882
198 -0.000746
199 -0.003970
200 -0.005544
