t  C_e
0 1.424085
1 0.452934
2 0.171928
3 0.072916
4 0.033609
5 0.016142
6 0.008635
7 0.004797
8 0.003229
9 0.001845
10 0.000972
11 0.000060
12 -0.000813
13 -0.000255
14 -0.000908
15 0.000412
16 -0.000027
17 -0.000644
18 -0.000720
19 0.000956
20 0.001736
21 0.000986
22 -0.000102
23 -0.001119
24 -0.000169
25 -0.000471
26 -0.001250
27 -0.001477
28 0.000221
29 -0.001157
30 -0.000883
31 -0.000580
32 -0.000280
33 0.001221
34 -0.000541
35 -0.000001
36 0.000341
37 0.000119
38 -0.000378
39 -0.000987
40 -0.001063
41 0.000264
42 0.000594
43 -0.000570
44 -0.001299
45 -0.002373
46 0.000086
47 0.000624
48 -0.000832
49 -0.000355
50 -0.000549
51 -0.000163
52 0.000319
53 -0.000778
54 -0.000854
55 -0.000336
56 0.000666
57 0.000014
58 0.000690
59 0.000790
60 0.000756
61 -0.000267
62 -0.000041
63 -0.000973
64 -0.000599
65 -0.001761
66 -0.001628
67 -0.000568
68 -0.001500
69 -0.001266
70 -0.000886
71 -0.000022
72 -0.000424
73 -0.000219
74 0.000639
75 -0.000446
76 -0.000897
77 -0.000445
78 -0.000249
79 -0.000289
80 0.000631
81 0.000296
82 0.001160
83 0.000630
84 -0.001644
85 0.000570
86 0.000092
87 -0.000727
88 -0.000801
89 -0.000279
90 0.001465
91 0.001028
92 0.000606
93 -0.000806
94 -0.000076
95 0.000608
96 -0.000187
97 -0.001186
98 0.000956
99 0.000615
100 0.000051
101 -0.000346
102 -0.001293
103 -0.000427
104 -0.000371
105 0.000818
106 0.000526
107 0.000807
108 -0.000598
109 -0.001546
110 -0.000753
111 -0.000650
112 -0.000110
113 -0.000274
114 -0.001222
115 -0.000526
116 0.000184
117 0.001248
118 -0.000500
119 -0.001624
120 -0.001308
121 -0.000388
122 -0.000903
123 -0.001120
124 -0.000447
125 0.001184
126 -0.000801
127 -0.001608
128 -0.001318
129 -0.000994
130 -0.000836
131 0.000478
132 -0.000442
133 -0.001219
134 -0.001809
135 -0.000679
136 0.000284
137 0.000329
138 0.000855
139 -0.000109
140 0.000949
141 0.000853
142 0.000680
143 0.001017
144 -0.000921
145 -0.000456
146 -0.000592
147 -0.000724
148 0.000602
149 -0.000260
150 -0.001207
151 -0.000698
152 0.001077
153 0.000254
154 -0.000768
155 -0.000244
156 0.000902
157 0.001481
158 0.000391
159 0.000463
160 0.000048
161 -0.000023
162 -0.000653
163 -0.000097
164 -0.000503
165 -0.000804
166 0.000162
167 -0.000318
168 -0.000258
169 -0.000782
170 -0.001245
171 -0.001259
172 -0.001476
173 -0.000915
174 -0.001549
175 -0.003458
176 -0.003646
177 -0.002691
178 -0.001860
179 -0.001720
180 -0.001812
181 -0.001207
182 -0.000517
183 -0.000882
184 -0.000945
185 0.000004
186 0.000154
187 -0.000649
188 -0.001296
189 -0.000433
190 -0.002325
191 -0.001566
192 -0.001374
193 -0.001829
194 -0.000908
195 -0.000353
196 -0.000992
197 0.000104
198 -0.000405
199 0.000273
200 0.000160
