t  C_e
0 4.348432
1 2.236175
2 1.255201
3 0.746776
4 0.457825
5 0.290076
6 0.188356
7 0.125333
8 0.085540
9 0.061087
10 0.043105
11 0.028994
12 0.019253
13 0.011495
14 0.005339
15 0.003135
16 -0.001828
17 -0.002280
18 -0.000618
19 0.004405
20 0.004183
21 0.003736
22 0.004329
23 0.002505
24 0.000065
25 -0.001186
26 -0.000624
27 -0.000511
28 0.000602
29 -0.000428
30 -0.003798
31 -0.001547
32 0.003502
33 0.002530
34 -0.001616
35 -0.002105
36 -0.003080
37 -0.005246
38 -0.003467
39 -0.004507
40 -0.007878
41 -0.006842
42 -0.005431
43 -0.008573
44 -0.009702
45 -0.007259
46 -0.001611
47 0.001892
48 0.003992
49 0.001503
50 0.003731
51 0.003176
52 0.002053
53 0.001575
54 0.002818
55 0.000454
56 0.000568
57 0.000041
58 -0.000272
59 -0.001179
60 0.001049
61 -0.001943
62 -0.005276
63 -0.003179
64 -0.003124
65 -0.001977
66 0.001176
67 -0.001871
68 -0.001575
69 -0.004328
70 -0.003812
71 -0.006510
72 -0.005833
73 -0.002962
74 -0.001667
75 -0.005056
76 -0.006791
77 -0.005728
78 -0.004562
79 -0.005070
80 -0.006292
81 -0.003667
82 -0.001730
83 -0.001419
84 0.001012
85 -0.000183
86 -0.000923
87 -0.005018
88 -0.006279
89 -0.006065
90 -0.003373
91 -0.004293
92 -0.001341
93 0.001047
94 0.000415
95 0.003746
96 0.004478
97 0.007525
98 0.008645
99 0.005347
100 0.003576
101 0.004366
102 0.000770
103 0.003659
104 0.000475
105 0.000547
106 -0.000518
107 0.002311
108 0.003950
109 0.001398
110 0.001580
111 0.000970
112 -0.003054
113 -0.001088
114 -0.000721
115 -0.004210
116 -0.000983
117 -0.001968
118 -0.002195
119 0.000809
120 -0.000568
121 -0.004168
122 -0.002288
123 0.001255
124 0.000988
125 -0.000588
126 -0.004321
127 -0.006176
128 -0.006766
129 -0.009380
130 -0.010849
131 -0.009417
132 -0.007709
133 -0.003835
134 -0.004712
135 -0.004859
136 -0.004105
137 -0.004947
138 -0.004172
139 -0.004207
140 -0.000617
141 0.004162
142 0.003913
143 0.001383
144 -0.000648
145 -0.000452
146 0.002300
147 0.004195
148 0.002418
149 0.000930
150 0.002549
151 -0.000340
152 0.001525
153 0.001859
154 0.000670
155 0.000106
156 0.002482
157 0.002372
158 0.002308
159 -0.003659
160 -0.002776
161 -0.003476
162 -0.004463
163 -0.000841
164 -0.000910
165 -0.000481
166 -0.001664
167 -0.001736
168 -0.002800
169 -0.002157
170 -0.003355
171 -0.004700
172 -0.005469
173 -0.002807
174 -0.000491
175 0.000582
176 0.000398
177 0.000907
178 0.002477
179 0.000060
180 -0.000894
181 -0.006041
182 -0.009730
183 -0.007558
184 -0.007041
185 -0.004111
186 -0.005745
187 -0.004542
188 -0.004538
189 -0.000061
190 0.002585
191 -0.001323
192 -0.003669
193 -0.003089
194 -0.004831
195 -0.004124
196 -0.001656
197 0.001034
198 0.000932
199 0.002682
200 -0.000001
