t  C_e
0 6.761351
1 4.585200
2 3.513034
3 2.878767
4 2.457948
5 2.149279
6 1.916629
7 1.726869
8 1.574564
9 1.444000
10 1.332432
11 1.237189
12 1.154872
13 1.081685
14 1.015370
15 0.955095
16 0.900005
17 0.850446
18 0.806812
19 0.768326
20 0.727034
21 0.691377
22 0.657806
23 0.627118
24 0.604093
25 0.579951
26 0.553312
27 0.530437
28 0.509012
29 0.487168
30 0.471461
31 0.457285
32 0.439366
33 0.418537
34 0.399678
35 0.384618
36 0.373345
37 0.360709
38 0.348817
39 0.337475
40 0.326639
41 0.312366
42 0.300269
43 0.291579
44 0.283875
45 0.277628
46 0.269785
47 0.259457
48 0.251329
49 0.244944
50 0.241568
51 0.236409
52 0.228996
53 0.221718
54 0.217794
55 0.211335
56 0.202828
57 0.195111
58 0.188416
59 0.182867
60 0.179280
61 0.172638
62 0.167419
63 0.162388
64 0.155155
65 0.150564
66 0.148401
67 0.145709
68 0.145136
69 0.139846
70 0.137873
71 0.130456
72 0.123022
73 0.119337
74 0.117094
75 0.114352
76 0.108790
77 0.106634
78 0.100426
79 0.099632
80 0.097172
81 0.096331
82 0.092331
83 0.088786
84 0.084383
85 0.079996
86 0.075457
87 0.071473
88 0.070391
89 0.073312
90 0.071589
91 0.069552
92 0.067161
93 0.064502
94 0.064264
95 0.061196
96 0.062656
97 0.062202
98 0.063260
99 0.059217
100 0.060242
101 0.062072
102 0.061102
103 0.057270
104 0.056003
105 0.055329
106 0.055273
107 0.051848
108 0.050996
109 0.049135
110 0.048040
111 0.051285
112 0.051943
113 0.052255
114 0.051444
115 0.052275
116 0.049178
117 0.047345
118 0.044585
119 0.041699
120 0.036787
121 0.036116
122 0.035198
123 0.032993
124 0.025557
125 0.022155
126 0.021223
127 0.023054
128 0.024613
129 0.027414
130 0.028788
131 0.026883
132 0.025803
133 0.027970
134 0.028292
135 0.028893
136 0.026723
137 0.023519
138 0.024781
139 0.020843
140 0.017698
141 0.020649
142 0.021137
143 0.025468
144 0.023237
145 0.020462
146 0.020778
147 0.020133
148 0.019946
149 0.018803
150 0.018038
151 0.016645
152 0.014975
153 0.014398
154 0.011358
155 0.011964
156 0.014236
157 0.017361
158 0.020705
159 0.023845
160 0.022215
161 0.017734
162 0.015624
163 0.015857
164 0.017452
165 0.013566
166 0.010866
167 0.013838
168 0.016084
169 0.017373
170 0.014071
171 0.014671
172 0.013126
173 0.014255
174 0.013568
175 0.008381
176 0.005852
177 0.006295
178 0.007208
179 0.009523
180 0.009274
181 0.010561
182 0.009522
183 0.009039
184 0.005132
185 0.006386
186 0.002575
187 -0.000497
188 -0.003080
189 -0.003905
190 -0.008430
191 -0.009598
192 -0.014600
193 -0.014116
194 -0.012772
195 -0.012511
196 -0.009747
197 -0.010535
198 -0.010029
199 -0.009133
200 -0.011608
