t  C_e
0 5.541477
1 3.402334
2 2.329481
3 1.709403
4 1.314337
5 1.045881
6 0.856493
7 0.711413
8 0.601565
9 0.518083
10 0.450464
11 0.393096
12 0.343654
13 0.305450
14 0.269764
15 0.239782
16 0.215532
17 0.191340
18 0.173390
19 0.153905
20 0.136430
21 0.124421
22 0.113082
23 0.103576
24 0.092810
25 0.079724
26 0.072707
27 0.067137
28 0.060464
29 0.056079
30 0.049851
31 0.045678
32 0.041048
33 0.034535
34 0.030375
35 0.028277
36 0.027934
37 0.025359
38 0.024273
39 0.020438
40 0.021810
41 0.019157
42 0.017167
43 0.009863
44 0.004738
45 0.002015
46 0.003692
47 0.005516
48 0.003984
49 0.005992
50 0.009329
51 0.009667
52 0.008835
53 0.003268
54 0.002583
55 0.000661
56 -0.000772
57 -0.004560
58 -0.004092
59 -0.003639
60 -0.000100
61 0.000469
62 0.002146
63 0.001793
64 0.002601
65 -0.001248
66 0.000697
67 -0.004864
68 -0.004051
69 -0.005231
70 -0.005502
71 -0.000803
72 0.003799
73 0.002075
74 0.003877
75 0.002310
76 0.006052
77 0.004268
78 0.001861
79 0.000986
80 -0.001524
81 -0.000085
82 -0.001615
83 0.001127
84 0.001918
85 -0.002156
86 -0.003841
87 -0.007092
88 -0.013016
89 -0.010849
90 -0.008935
91 -0.008580
92 -0.008246
93 -0.007240
94 -0.006021
95 -0.007184
96 -0.006833
97 -0.007274
98 -0.007595
99 -0.011619
100 -0.014799
101 -0.019192
102 -0.021107
103 -0.017231
104 -0.015661
105 -0.015331
106 -0.014396
107 -0.017388
108 -0.017705
109 -0.016646
110 -0.011072
111 -0.008063
112 -0.007185
113 -0.007591
114 -0.006350
115 -0.004413
116 -0.002228
117 -0.000065
118 0.000536
119 -0.002724
120 -0.004228
121 -0.003377
122 -0.002614
123 -0.002938
124 -0.004624
125 -0.005160
126 -0.001068
127 0.002065
128 0.005009
129 0.004560
130 0.001162
131 0.001348
132 0.001054
133 -0.002400
134 -0.001760
135 0.003183
136 0.006530
137 0.004261
138 0.004063
139 0.004406
140 0.002633
141 0.001802
142 0.001628
143 0.001280
144 0.001757
145 0.000806
146 -0.001075
147 -0.000730
148 -0.001052
149 -0.000927
150 -0.002944
151 0.000416
152 -0.001565
153 0.001842
154 0.004947
155 0.003416
156 0.004354
157 0.002189
158 0.000114
159 -0.002106
160 -0.000901
161 -0.001022
162 -0.001940
163 -0.002880
164 -0.001193
165 -0.001235
166 0.002995
167 0.002251
168 0.000612
169 0.002179
170 0.000779
171 -0.002898
172 0.000494
173 -0.001983
174 -0.000807
175 -0.000961
176 -0.002946
177 -0.003368
178 -0.000016
179 0.003718
180 0.003253
181 0.004452
182 0.004222
183 0.001399
184 0.002979
185 0.005098
186 0.005883
187 0.004857
188 0.006259
189 0.005104
190 0.008006
191 0.005620
192 0.004337
193 0.004929
194 0.005050
195 0.003758
196 0.004186
197 0.004686
198 0.004574
199 0.007384
200 0.007150
