t  C_e
0 2.896886
1 1.323120
2 0.711559
3 0.424355
4 0.273791
5 0.185801
6 0.130913
7 0.095004
8 0.068345
9 0.050024
10 0.036623
11 0.025381
12 0.018397
13 0.016576
14 0.013729
15 0.006476
16 0.006767
17 0.007477
18 0.006379
19 0.006074
20 0.005103
21 0.001195
22 0.000614
23 -0.000105
24 0.001132
25 0.000721
26 0.000975
27 0.000808
28 -0.000357
29 -0.000183
30 0.000640
31 0.000363
32 -0.000033
33 0.000348
34 -0.000621
35 -0.002296
36 -0.000496
37 -0.002278
38 0.000195
39 0.002367
40 0.001403
41 -0.000434
42 -0.001911
43 -0.002092
44 -0.002118
45 -0.004768
46 -0.005321
47 -0.004990
48 -0.003691
49 -0.004661
50 -0.004726
51 -0.003501
52 -0.001367
53 0.000576
54 0.000328
55 -0.000750
56 -0.001788
57 0.000986
58 0.000806
59 0.003177
60 0.002947
61 0.002402
62 0.001151
63 0.002816
64 0.001717
65 0.003124
66 0.002753
67 0.004223
68 0.002113
69 0.001367
70 0.002159
71 0.003072
72 0.003705
73 0.003873
74 0.002929
75 0.003826
76 0.003916
77 0.003108
78 0.003108
79 0.002951
80 0.000287
81 -0.001165
82 -0.001774
83 -0.000293
84 -0.002888
85 -0.001346
86 -0.001503
87 -0.000021
88 0.000968
89 0.000567
90 0.001077
91 -0.001488
92 -0.003691
93 -0.001977
94 -0.002602
95 -0.002875
96 -0.000579
97 -0.001853
98 -0.001921
99 -0.003083
100 0.000990
101 0.003124
102 0.001054
103 0.001233
104 0.000424
105 0.000898
106 -0.001512
107 0.000346
108 0.000865
109 0.000050
110 -0.001689
111 -0.002756
112 0.000159
113 -0.001598
114 -0.000815
115 0.001668
116 0.001465
117 0.000473
118 0.002775
119 0.002145
120 0.000808
121 0.001012
122 0.002105
123 0.000748
124 0.004598
125 0.004234
126 0.002670
127 0.001524
128 0.000903
129 0.001062
130 0.000618
131 0.001372
132 0.002256
133 0.001220
134 0.002424
135 -0.000463
136 -0.000190
137 0.000787
138 -0.000251
139 0.002286
140 0.002300
141 -0.000075
142 -0.000746
143 0.000135
144 0.000081
145 -0.000931
146 -0.000895
147 -0.001715
148 -0.001659
149 -0.001137
150 -0.001603
151 -0.001710
152 0.000820
153 0.002352
154 0.002604
155 0.003077
156 0.002256
157 0.001530
158 0.003611
159 0.005312
160 0.005894
161 0.003318
162 0.002219
163 0.002292
164 0.001086
165 0.001159
166 0.001478
167 0.000149
168 0.000512
169 0.001130
170 0.001583
171 0.001926
172 -0.000443
173 -0.001810
174 -0.002763
175 -0.002532
176 -0.001337
177 -0.000110
178 -0.000069
179 0.002107
180 0.000610
181 -0.000752
182 -0.001234
183 0.000956
184 0.001142
185 -0.001871
186 -0.001632
187 0.001719
188 0.003113
189 0.001926
190 0.002384
191 0.003104
192 0.003443
193 0.001474
194 0.002577
195 0.001472
196 -0.000897
197 -0.004093
198 -0.003403
199 -0.000966
200 0.000108
