t  C_e
0 10.056350
1 7.808765
2 6.634871
3 5.905618
4 5.393484
5 5.006902
6 4.694219
7 4.434524
8 4.214199
9 4.023500
10 3.852796
11 3.700181
12 3.561260
13 3.436176
14 3.316028
15 3.207542
16 3.099980
17 3.003202
18 2.909721
19 2.828351
20 2.743665
21 2.662077
22 2.587583
23 2.511705
24 2.441653
25 2.374645
26 2.311043
27 2.252126
28 2.192836
29 2.135359
30 2.076092
31 2.023470
32 1.973935
33 1.925396
34 1.879119
35 1.833445
36 1.787408
37 1.739934
38 1.695513
39 1.651931
40 1.613958
41 1.574363
42 1.536907
43 1.498924
44 1.463266
45 1.428478
46 1.394979
47 1.362202
48 1.330720
49 1.300452
50 1.271040
51 1.241586
52 1.218261
53 1.189299
54 1.162105
55 1.133821
56 1.108562
57 1.084588
58 1.059175
59 1.031518
60 1.004795
61 0.978809
62 0.954514
63 0.931259
64 0.909509
65 0.891073
66 0.872013
67 0.854343
68 0.836945
69 0.818717
70 0.799011
71 0.780052
72 0.760983
73 0.743529
74 0.727755
75 0.709571
76 0.691962
77 0.677777
78 0.666292
79 0.648050
80 0.632022
81 0.616251
82 0.601982
83 0.591857
84 0.582477
85 0.577374
86 0.569734
87 0.555259
88 0.540995
89 0.529137
90 0.519763
91 0.508522
92 0.500550
93 0.492980
94 0.477977
95 0.467422
96 0.451020
97 0.439357
98 0.426548
99 0.416064
100 0.411073
101 0.404781
102 0.396609
103 0.384452
104 0.375636
105 0.366669
106 0.354701
107 0.346016
108 0.338982
109 0.332243
110 0.324008
111 0.312243
112 0.303228
113 0.295733
114 0.284161
115 0.276950
116 0.274149
117 0.270911
118 0.265171
119 0.254874
120 0.248862
121 0.245739
122 0.239553
123 0.234711
124 0.231660
125 0.225397
126 0.218262
127 0.217221
128 0.213407
129 0.209903
130 0.204572
131 0.199954
132 0.196769
133 0.194193
134 0.191456
135 0.189253
136 0.186514
137 0.185412
138 0.185948
139 0.187424
140 0.186119
141 0.185829
142 0.181796
143 0.177248
144 0.173251
145 0.167876
146 0.168684
147 0.162749
148 0.160902
149 0.159223
150 0.154910
151 0.155953
152 0.151891
153 0.151290
154 0.149969
155 0.148965
156 0.146864
157 0.142427
158 0.137677
159 0.135503
160 0.135814
161 0.131714
162 0.126438
163 0.122022
164 0.119241
165 0.118982
166 0.116584
167 0.116444
168 0.112720
169 0.112531
170 0.108836
171 0.106168
172 0.105228
173 0.101866
174 0.101214
175 0.098803
176 0.100473
177 0.098602
178 0.099058
179 0.099586
180 0.100879
181 0.103980
182 0.103541
183 0.101152
184 0.102523
185 0.095897
186 0.095705
187 0.098054
188 0.096122
189 0.098154
190 0.097320
191 0.096201
192 0.090073
193 0.087423
194 0.085657
195 0.081658
196 0.080604
197 0.079280
198 0.074869
199 0.076171
200 0.074577
