t  C_e
0 4.775795
1 2.643413
2 1.613996
3 1.052054
4 0.716386
5 0.502324
6 0.361062
7 0.269745
8 0.203661
9 0.156370
10 0.121225
11 0.093997
12 0.070113
13 0.052317
14 0.039649
15 0.031206
16 0.024931
17 0.017124
18 0.013927
19 0.011295
20 0.009413
21 0.010530
22 0.011454
23 0.011589
24 0.012806
25 0.012051
26 0.007971
27 0.007483
28 0.005271
29 0.006145
30 0.005544
31 0.004617
32 0.006743
33 0.007921
34 0.007377
35 0.005668
36 0.007613
37 0.007605
38 0.003917
39 0.004752
40 0.005473
41 0.003161
42 0.002347
43 0.002032
44 0.001977
45 0.007183
46 0.004709
47 0.004680
48 0.009398
49 0.007012
50 0.003711
51 0.002236
52 -0.002105
53 -0.002900
54 -0.004566
55 -0.004810
56 -0.004167
57 -0.003598
58 -0.000928
59 0.001445
60 -0.000075
61 -0.000803
62 -0.002967
63 -0.003667
64 -0.002353
65 0.005566
66 0.006494
67 0.004582
68 0.006260
69 0.007101
70 0.004167
71 0.002870
72 0.000943
73 0.000338
74 0.001235
75 -0.000206
76 0.001743
77 0.001705
78 0.000302
79 -0.000686
80 -0.000362
81 0.000184
82 -0.002792
83 -0.006661
84 -0.006383
85 -0.006035
86 -0.003485
87 -0.000388
88 0.000914
89 0.003736
90 0.001184
91 0.004397
92 0.007433
93 0.005414
94 0.005305
95 0.002949
96 0.000522
97 -0.002870
98 -0.005567
99 -0.002712
100 -0.002968
101 -0.001738
102 -0.003340
103 -0.002299
104 -0.003460
105 -0.005362
106 -0.005129
107 -0.004309
108 -0.001278
109 -0.002296
110 -0.004298
111 -0.004757
112 -0.000514
113 0.002458
114 0.003776
115 0.005435
116 0.004577
117 0.001567
118 -0.001919
119 -0.002145
120 -0.001772
121 -0.001992
122 -0.001809
123 -0.003313
124 -0.004618
125 -0.006720
126 -0.006644
127 -0.009071
128 -0.010936
129 -0.011208
130 -0.007839
131 -0.008878
132 -0.009195
133 -0.006117
134 -0.005437
135 -0.002221
136 0.002344
137 0.000015
138 -0.001624
139 -0.000951
140 0.004302
141 0.002850
142 0.001170
143 -0.000832
144 -0.003743
145 -0.005564
146 -0.005628
147 -0.004979
148 -0.006867
149 -0.008750
150 -0.007611
151 -0.003772
152 -0.001210
153 -0.001848
154 0.002139
155 0.003957
156 0.003781
157 0.002466
158 0.000696
159 0.004198
160 0.002673
161 -0.000156
162 -0.001164
163 -0.003713
164 -0.003946
165 -0.001110
166 0.000022
167 -0.001771
168 -0.006237
169 -0.006457
170 -0.007754
171 -0.003800
172 -0.002096
173 -0.002252
174 0.001419
175 0.002234
176 0.003420
177 0.001898
178 -0.000105
179 -0.000832
180 -0.000854
181 -0.001247
182 0.000782
183 0.002488
184 0.001220
185 0.003730
186 0.002477
187 0.001679
188 0.002792
189 -0.000982
190 0.000108
191 -0.001024
192 -0.002114
193 -0.002579
194 -0.005264
195 -0.001535
196 0.003633
197 0.005651
198 0.006733
199 0.003043
200 0.001853
